0,-715,0,-415,455,420,-455,420,1465756,1468392,1467304
0,-715,0,-415,455,420,-455,420,2084800,2087476,2087420
0,-715,0,-415,455,420,-455,420,2027940,2030652,2030556
0,-715,0,-415,455,420,-455,420,1931152,1933772,1933752
0,-715,0,-415,455,420,-455,420,1922700,1925876,1925824
0,-715,0,-415,455,420,-455,420,2807300,2809992,2809920
0,-715,0,-415,455,420,-455,420,2083376,2086068,2085960
0,-715,0,-415,455,420,-455,420,2155168,2157772,2157720
0,-715,0,-415,455,420,-455,420,2111148,2113460,2113712
0,-715,0,-415,455,420,-455,420,2021132,2023840,2023716
0,-715,0,-415,455,420,-455,420,2439420,2442124,2442052
0,-715,0,-415,455,420,-455,420,2297132,2299296,2299224
0,-715,0,-415,455,420,-455,420,2236628,2238392,2239176
0,-715,0,-415,455,420,-455,420,1948720,1950924,1951332
0,-715,0,-415,455,420,-455,420,1824068,1826772,1826680
0,-715,0,-415,455,420,-455,420,2690916,2693608,2693520
0,-715,0,-415,455,420,-455,420,1747588,1750280,1750120
0,-715,0,-415,455,420,-455,420,2742516,2745076,2744948
0,-715,0,-415,455,420,-455,420,1566256,1569056,1568984
0,-715,0,-415,455,420,-455,420,2886392,2889068,2888976
0,-715,0,-415,455,420,-455,420,2134024,2136712,2136620
0,-715,0,-415,455,420,-455,420,1900448,1903144,1903072
0,-715,0,-415,455,420,-455,420,1504120,1506704,1506704
0,-715,0,-415,455,420,-455,420,1745012,1747716,1747644
0,-715,0,-415,455,420,-455,420,1832244,1834520,1834392
0,-715,0,-415,455,420,-455,420,2264908,2267584,2267512
0,-715,0,-415,455,420,-455,420,1918564,1920908,1920676
0,-715,0,-415,455,420,-455,420,1932228,1934916,1934384
0,-715,0,-415,455,420,-455,420,2766296,2768992,2768936
0,-715,0,-415,455,420,-455,420,1264296,1266948,1266720
0,-715,0,-415,455,420,-455,420,1497192,1499860,1499804
0,-715,0,-415,455,420,-455,420,1775932,1778616,1778456
0,-715,0,-415,455,420,-455,420,2296672,2299380,2299256
0,-715,0,-415,455,420,-455,420,1163504,1166188,1165724
0,-715,0,-415,455,420,-455,420,2780568,2783060,2782988
0,-715,0,-415,455,420,-455,420,2059648,2062264,2062192
0,-715,0,-415,455,420,-455,420,2328732,2331292,2331236
0,-715,0,-415,455,420,-455,420,2280388,2283872,2283472
0,-715,0,-415,455,420,-455,420,1793732,1796460,1796388
0,-715,0,-415,455,420,-455,420,1426032,1428764,1428708
0,-715,0,-415,455,420,-455,420,968284,971012,971136
0,-715,0,-415,455,420,-455,420,1426196,1428640,1428800
0,-715,0,-415,455,420,-455,420,1404100,1406804,1406748
0,-715,0,-415,455,420,-455,420,2361952,2365436,2365380
0,-715,0,-415,455,420,-455,420,2244088,2247620,2247212
0,-715,0,-415,455,420,-455,420,2110360,2113108,2113016
0,-715,0,-415,455,420,-455,420,1893884,1897236,1896808
0,-715,0,-415,455,420,-455,420,1896044,1898716,1898628
0,-715,0,-415,455,420,-455,420,2290304,2293160,2293356
0,-715,0,-415,455,420,-455,420,2885736,2887976,2888420