840,0,0,-415,455,420,-455,420,1533012,1531512,1534988
840,0,0,-415,455,420,-455,420,1383784,1381904,1384992
840,0,0,-415,455,420,-455,420,1392476,1391072,1393352
840,0,0,-415,455,420,-455,420,1267484,1266344,1268656
840,0,0,-415,455,420,-455,420,1569696,1567136,1570728
840,0,0,-415,455,420,-455,420,1542812,1541040,1543368
840,0,0,-415,455,420,-455,420,1624888,1623268,1626028
840,0,0,-415,455,420,-455,420,1488800,1487108,1490372
840,0,0,-415,455,420,-455,420,1931028,1929928,1932332
840,0,0,-415,455,420,-455,420,1502460,1501288,1503532
840,0,0,-415,455,420,-455,420,2102704,2100304,2103876
840,0,0,-415,455,420,-455,420,1409132,1406440,1410572
840,0,0,-415,455,420,-455,420,1858156,1857000,1859312
840,0,0,-415,455,420,-455,420,1569240,1567940,1570308
840,0,0,-415,455,420,-455,420,1616960,1615876,1618224
840,0,0,-415,455,420,-455,420,1914032,1912860,1915208
840,0,0,-415,455,420,-455,420,1384368,1382712,1385496
840,0,0,-415,455,420,-455,420,1516172,1514420,1516800
840,0,0,-415,455,420,-455,420,530368,529120,531564
840,0,0,-415,455,420,-455,420,1946784,1945720,1947976
840,0,0,-415,455,420,-455,420,1596104,1593900,1597120
840,0,0,-415,455,420,-455,420,2046716,2045612,2047852
840,0,0,-415,455,420,-455,420,1800684,1799424,1801700
840,0,0,-415,455,420,-455,420,2419196,2417372,2419656
840,0,0,-415,455,420,-455,420,1450784,1449124,1451676
840,0,0,-415,455,420,-455,420,1412052,1410536,1413048
840,0,0,-415,455,420,-455,420,1787316,1784952,1788544
840,0,0,-415,455,420,-455,420,1265120,1262536,1266032
840,0,0,-415,455,420,-455,420,1175108,1172672,1176228
840,0,0,-415,455,420,-455,420,835896,834704,837036
840,0,0,-415,455,420,-455,420,1622736,1621528,1623840
840,0,0,-415,455,420,-455,420,72,448,72
840,0,0,-415,455,420,-455,420,1543956,1542800,1545092
840,0,0,-415,455,420,-455,420,594936,593932,596152
840,0,0,-415,455,420,-455,420,1396704,1395332,1397632
840,0,0,-415,455,420,-455,420,2144356,2142564,2144940
840,0,0,-415,455,420,-455,420,963164,962156,964412
840,0,0,-415,455,420,-455,420,1765384,1763228,1766268
840,0,0,-415,455,420,-455,420,848504,846140,849448
840,0,0,-415,455,420,-455,420,2168780,2167372,2170420
840,0,0,-415,455,420,-455,420,1609272,1608028,1610552
840,0,0,-415,455,420,-455,420,1373836,1372500,1374832
840,0,0,-415,455,420,-455,420,2427888,2426392,2428888