0,0,0,-415,455,420,-455,420,1824908,1825180,1825324
0,0,0,-415,455,420,-455,420,1378848,1377476,1377272
0,0,0,-415,455,420,-455,420,1399148,1398680,1398588
0,0,0,-415,455,420,-455,420,1872676,1873344,1872936
0,0,0,-415,455,420,-455,420,1470180,1470708,1470584
0,0,0,-415,455,420,-455,420,797804,798320,798056
0,0,0,-415,455,420,-455,420,1413212,1413752,1414016
0,0,0,-415,455,420,-455,420,1543128,1542524,1542364
0,0,0,-415,455,420,-455,420,1839252,1838784,1838120
0,0,0,-415,455,420,-455,420,1589160,1589812,1589544
0,0,0,-415,455,420,-455,420,1681596,1682288,1681596
0,0,0,-415,455,420,-455,420,552888,553556,553576
0,0,0,-415,455,420,-455,420,1949668,1950772,1950608
0,0,0,-415,455,420,-455,420,1361668,1362320,1362124
0,0,0,-415,455,420,-455,420,552560,552848,552956
0,0,0,-415,455,420,-455,420,598720,599352,599104
0,0,0,-415,455,420,-455,420,1130496,1130820,1130420
0,0,0,-415,455,420,-455,420,2285128,2286108,2285128
0,0,0,-415,455,420,-455,420,1478232,1479220,1478760
0,0,0,-415,455,420,-455,420,2381184,2381756,2381596
0,0,0,-415,455,420,-455,420,1997456,1997860,1998216
0,0,0,-415,455,420,-455,420,1602260,1602528,1602152
0,0,0,-415,455,420,-455,420,1761676,1761876,1761752
0,0,0,-415,455,420,-455,420,2118764,2119248,2118928
0,0,0,-415,455,420,-455,420,2183876,2184184,2184148
0,0,0,-415,455,420,-455,420,2288972,2289656,2289748
0,0,0,-415,455,420,-455,420,2046148,2046364,2046504
0,0,0,-415,455,420,-455,420,2247656,2248056,2248128
0,0,0,-415,455,420,-455,420,1569548,1569692,1569512
0,0,0,-415,455,420,-455,420,1741276,1741564,1741332
0,0,0,-415,455,420,-455,420,2629720,2630452,2630168
0,0,0,-415,455,420,-455,420,1781308,1781852,1781524
0,0,0,-415,455,420,-455,420,1804512,1804492,1804616
0,0,0,-415,455,420,-455,420,2733184,2733384,2733292
0,0,0,-415,455,420,-455,420,1767788,1768112,1767916
0,0,0,-415,455,420,-455,420,2141816,2142012,2142444
0,0,0,-415,455,420,-455,420,1644468,1644176,1644844
0,0,0,-415,455,420,-455,420,1322260,1323056,1322960
0,0,0,-415,455,420,-455,420,2396680,2396752,2397000
0,0,0,-415,455,420,-455,420,2591992,2592584,2592496