-1100,0,0,-415,455,420,-455,420,1162684,1163944,1161436
-1100,0,0,-415,455,420,-455,420,1607884,1609148,1605352
-1100,0,0,-415,455,420,-455,420,1480504,1480744,1478216
-1100,0,0,-415,455,420,-455,420,0,0,0
-1100,0,0,-415,455,420,-455,420,1895620,1896312,1893904
-1100,0,0,-415,455,420,-455,420,1747048,1748436,1746072
-1100,0,0,-415,455,420,-455,420,1526528,1527720,1524704
-1100,0,0,-415,455,420,-455,420,1450044,1449752,1446360
-1100,0,0,-415,455,420,-455,420,1575028,1576432,1572784
-1100,0,0,-415,455,420,-455,420,1379260,1380656,1377480
-1100,0,0,-415,455,420,-455,420,1386448,1386736,1384316
-1100,0,0,-415,455,420,-455,420,1458552,1459992,1457576
-1100,0,0,-415,455,420,-455,420,1463928,1465244,1462720
-1100,0,0,-415,455,420,-455,420,1431756,1433108,1429748
-1100,0,0,-415,455,420,-455,420,1455724,1457260,1454160
-1100,0,0,-415,455,420,-455,420,2685192,2686492,2683800
-1100,0,0,-415,455,420,-455,420,1140088,1141528,1138880