0,620,0,-415,455,420,-455,420,1598632,1596332,1596276
0,620,0,-415,455,420,-455,420,2200180,2198184,2198128
0,620,0,-415,455,420,-455,420,1792836,1790748,1791112
0,620,0,-415,455,420,-455,420,2030600,2028656,2028872
0,620,0,-415,455,420,-455,420,1847568,1845928,1845712
0,620,0,-415,455,420,-455,420,1899032,1897140,1897444
0,620,0,-415,455,420,-455,420,1449280,1447624,1447548
0,620,0,-415,455,420,-455,420,1332656,1331048,1330364
0,620,0,-415,455,420,-455,420,1426920,1425156,1425192
0,620,0,-415,455,420,-455,420,1550756,1548420,1548724
0,620,0,-415,455,420,-455,420,1724260,1722976,1722744
0,620,0,-415,455,420,-455,420,1412712,1410100,1411000
0,620,0,-415,455,420,-455,420,1323892,1321472,1321380
0,620,0,-415,455,420,-455,420,1728820,1726640,1727108
0,620,0,-415,455,420,-455,420,1661748,1659952,1660096
0,620,0,-415,455,420,-455,420,1568584,1566752,1566896
0,620,0,-415,455,420,-455,420,2204520,2202536,2202940
0,620,0,-415,455,420,-455,420,1599472,1597872,1597800
0,620,0,-415,455,420,-455,420,1660680,1658268,1659084
0,620,0,-415,455,420,-455,420,1715804,1714380,1714140
0,620,0,-415,455,420,-455,420,536448,534688,534760
0,620,0,-415,455,420,-455,420,1538692,1536996,1537076
0,620,0,-415,455,420,-455,420,1366008,1363460,1363676
0,620,0,-415,455,420,-455,420,1422652,1420088,1419996
0,620,0,-415,455,420,-455,420,1953012,1950508,1950964
0,620,0,-415,455,420,-455,420,1394308,1392224,1392240
0,620,0,-415,455,420,-455,420,1379444,1377496,1377748
0,620,0,-415,455,420,-455,420,1572440,1570676,1570280
0,620,0,-415,455,420,-455,420,1515660,1514020,1513948
0,620,0,-415,455,420,-455,420,1735692,1734156,1733832
0,620,0,-415,455,420,-455,420,1293456,1292044,1291488
0,620,0,-415,455,420,-455,420,1359772,1357568,1357352
0,620,0,-415,455,420,-455,420,1990928,1988844,1988988
0,620,0,-415,455,420,-455,420,1620796,1618816,1618672
0,620,0,-415,455,420,-455,420,1878536,1876788,1876192
0,620,0,-415,455,420,-455,420,1492104,1489928,1490304
0,620,0,-415,455,420,-455,420,2131328,2128496,2128656
0,620,0,-415,455,420,-455,420,1691404,1689388,1689752
0,620,0,-415,455,420,-455,420,1654900,1652764,1652780
0,620,0,-415,455,420,-455,420,1540820,1538372,1539056
0,620,0,-415,455,420,-455,420,1863880,1860236,1860800
0,620,0,-415,455,420,-455,420,2180052,2178172,2178040
0,620,0,-415,455,420,-455,420,1798576,1796368,1796512
0,620,0,-415,455,420,-455,420,1474416,1472728,1472656
0,620,0,-415,455,420,-455,420,1668816,1667160,1667160
0,620,0,-415,455,420,-455,420,1748312,1746564,1746760
0,620,0,-415,455,420,-455,420,2032064,2030008,2030564
0,620,0,-415,455,420,-455,420,1816896,1814460,1815272
0,620,0,-415,455,420,-455,420,1514044,1511988,1512312
0,620,0,-415,455,420,-455,420,2003276,2001700,2001848
0,620,0,-415,455,420,-455,420,1632092,1630196,1630420
0,620,0,-415,455,420,-455,420,1554312,1552608,1552444
0,620,0,-415,455,420,-455,420,1530592,1527964,1528956
0,620,0,-415,455,420,-455,420,1815516,1813988,1813948
0,620,0,-415,455,420,-455,420,1417068,1415108,1415016
0,620,0,-415,455,420,-455,420,1559976,1558424,1558388
0,620,0,-415,455,420,-455,420,1755008,1753336,1753356
0,620,0,-415,455,420,-455,420,1539984,1538296,1537840
0,620,0,-415,455,420,-455,420,1432456,1431332,1430848